02 00 00 60 03 65 - возвращает статусы всех ячеек 
02 00 00 75 00 00 00 00 00 00 00 00 00 00 00 00 03 7a - открыты все ячейки
02 00 00 75 00 00 00 00 00 00 00 00 00 00 00 00 03 7a
02 00 00 75 10 00 00 00 00 00 00 00 00 00 00 00 03 8a 
02 00 00 75 01 00 00 00 00 00 01 00 00 00 00 00 03 7c 
02 00 00 75 00 00 00 00 00 00 01 00 00 00 00 00 03 7b 
02 00 00 75 00 00 00 00 00 00 01 00 00 00 00 00 03 7b 
02 00 00 75 00 00 00 00 00 00 01 00 00 00 00 00 03 7b 
02 00 00 75 01 00 00 00 00 00 01 00 00 00 00 00 03 7c 


02 00 0a 77 01 00 00 00 00 00 01 00 00 00 00 00 03 88 






02 00 00 61 03 66 открыть замок

ячейка один
02 00 00 75 01 00 00 00 00 00 00 00 00 00 00 00 03 7b - закрыт замок 
02 00 00 61 03 66 открыть замок ячейки один


ячейка два
02 00 00 75 02 00 00 00 00 00 00 00 00 00 00 00 03 7c - замок закрыт
02 00 01 61 03 67 открыть замок ячейки два

ячейка три 
02 00 00 75 04 00 00 00 00 00 00 00 00 00 00 00 03 7e  - замок закрыт
02 00 02 61 03 68 открыть замок ячейки три


ячейка четыри
02 00 00 75 08 00 00 00 00 00 00 00 00 00 00 00 03 82 - замок закрыт
02 00 03 61 03 69 открыть замок ячейки четыри

ячейка пять
02 00 00 75 10 00 00 00 00 00 00 00 00 00 00 00 03 8a - замок закрыт
02 00 04 61 03 6a открыть замок ячейки пять



ячейка 14
02 00 00 75 00 20 00 00 00 00 00 00 00 00 00 00 03 9a  - закрыт замок 